Name of the node - normalization_steps
Value:
250023
Name of the node - running_mean
Value:
[ 0.4379424  -0.6989644   0.3791711  -0.18443847]
Name of the node - running_variance
Value:
[1697180.6 3202145.  6822421.  7017690. ]
Name of the node - add_4/y
Value:
1.0
Name of the node - normalized_state/Minimum/y
Value:
5.0
Name of the node - normalized_state/y
Value:
-5.0
Name of the node - is_continuous_control
Value:
0
Name of the node - version_number
Value:
2
Name of the node - memory_size
Value:
0
Name of the node - action_output_shape
Value:
6
Name of the node - policy/main_graph_0/hidden_0/kernel
Value:
[[ 0.42148745  0.8715231  -0.06560688 ...  0.26448864 -0.23129188
   1.1106274 ]
 [-0.6585463  -0.7059048   0.65720505 ... -0.359979    0.34014553
  -0.8343536 ]
 [ 0.62610584 -0.24436809  0.67064655 ...  0.46417388  0.45306486
  -0.42129213]
 [-0.19042414  1.1230472  -0.21101215 ... -0.20165424 -0.18387954
   0.74052966]]
Name of the node - policy/main_graph_0/hidden_0/bias
Value:
[-1.05503900e-02  2.54161470e-02  9.37904883e-03 -5.22174919e-03
  2.30880864e-02 -3.00727319e-02 -7.08680321e-03  3.89164127e-02
 -2.06897929e-02  5.49653824e-03  5.37625421e-03  5.62349742e-04
 -2.07325108e-02  1.70510169e-02 -4.77441587e-02  1.02075124e-02
 -1.05629915e-04  3.28249112e-02  2.33537108e-02  3.88072827e-03
 -6.58648042e-03  6.66983658e-03  4.06789035e-03  2.60912366e-02
  1.17697259e-02 -1.80142280e-02  1.45163843e-02  2.47724131e-02
 -1.76074803e-02 -1.28307892e-02  1.33900158e-02  1.86901856e-02
  9.34292621e-04 -6.68511093e-02 -6.89626718e-03 -2.13126224e-02
 -1.96970141e-04 -1.00449063e-02  2.50707548e-02  1.95331089e-02
  8.34288541e-04  1.01010520e-02 -5.91525482e-03 -4.56480589e-03
  1.95344258e-02  2.04729345e-02  1.58074107e-02 -1.50751066e-03
  3.27016599e-03 -1.90024003e-02  2.34817341e-02 -1.16887493e-02
  1.01665175e-02 -4.23111068e-03  3.54217971e-03  1.56611241e-02
 -6.49293931e-03 -5.70812123e-03  3.74832773e-03 -2.57932115e-02
 -5.05610881e-03 -1.15786772e-02  2.53955685e-02 -1.86903868e-03
  1.63839925e-02  1.94276776e-02  1.29566928e-02  2.33156141e-03
 -1.30019253e-02  4.64135371e-02  3.37699279e-02 -6.27126498e-03
  1.61280632e-02 -1.66897047e-02  1.21772047e-02 -4.09169905e-02
  1.67102050e-02 -1.62873510e-02  2.07050797e-02 -8.13547056e-03
 -3.13970149e-02 -7.21818302e-04 -1.67494845e-02 -7.96561036e-03
 -2.88449209e-02 -2.20340607e-03  2.20387261e-02 -3.36187594e-02
  2.70294049e-03  1.19684972e-02 -7.52902869e-03  1.27020702e-02
 -3.24949920e-02 -6.81016548e-03  3.38978623e-03  2.82703955e-02
  1.28437718e-02 -1.86162889e-02 -7.19218329e-03 -2.95805419e-03
 -3.30197276e-04  1.81717742e-02  1.38597023e-02  8.98129400e-03
  9.17573459e-03 -1.91224553e-02  3.59660294e-03  1.52781466e-02
  6.85817841e-03 -1.39444647e-02  3.85190025e-02  1.82642173e-02
  1.78129748e-02 -7.43915979e-03  1.63379870e-02 -6.56146510e-03
 -2.06772592e-02  9.66672972e-03  4.58134775e-04  3.10423039e-02
 -2.20003910e-02 -2.24633934e-03  1.37426099e-02  1.33794099e-02
 -1.57012213e-02 -3.34251039e-02  4.15488444e-02 -2.47363094e-02
  9.46569815e-03  1.54077457e-02 -6.15560729e-03 -2.68172361e-02
 -5.65322768e-03  2.43059639e-02  1.44453375e-02  3.49119380e-02
  2.30458137e-02  1.81700848e-02 -1.00640822e-02 -1.57075338e-02
 -1.16782542e-03 -5.43879047e-02  2.47688163e-02  1.19347228e-02
  2.00558025e-02 -6.69058692e-03 -2.12792121e-02 -4.50457446e-02
 -2.18048207e-02  3.02162822e-02 -1.56623777e-02  8.56829062e-03
 -5.63275069e-03 -3.60769629e-02 -1.38166416e-02  5.85131720e-03
 -2.52615958e-02 -2.10234988e-03  7.92053528e-03 -6.17083116e-03
  2.21994240e-02  2.17954312e-02 -1.80199370e-02  4.83007496e-03
 -8.45605787e-03  1.47062512e-02 -1.83567107e-02 -1.81186609e-02
  7.37011945e-03 -7.95636699e-03  2.49758158e-02 -1.04445387e-02
 -1.13472790e-02 -1.29827950e-02  2.04317980e-02 -1.54799540e-02
 -3.92693188e-03 -1.08106462e-02  1.23591693e-02  3.58040072e-03
 -1.50387036e-03 -3.97620350e-02 -7.11609656e-03  1.82259008e-02
 -3.22818644e-02  2.09447299e-03 -1.30337309e-02 -2.61366721e-02
 -1.94405653e-02  7.99942575e-03  2.34020106e-03  2.57643443e-02
  2.85347905e-02 -7.37388385e-03  5.22479555e-03 -1.19373659e-02
  7.96670187e-03 -3.01856617e-03  2.22267630e-03 -8.47175904e-03
 -2.60919817e-02 -2.13036384e-03 -1.04646655e-02  1.37729431e-02
  1.40959276e-02  1.14860274e-02  8.39114562e-03 -9.46046319e-03
 -2.46101413e-02 -3.64795551e-02  1.59452355e-03 -2.22617202e-02
 -3.72285619e-02  2.58306637e-02 -2.28856634e-02 -8.26113950e-03
 -2.84163374e-02  3.32461111e-02 -7.15912506e-03  1.16622522e-02
  1.11440271e-02  2.30653351e-03  1.62017567e-03  5.53594623e-03
 -1.94167194e-03 -1.71150584e-02 -1.11604831e-03 -1.76482312e-02
 -1.11299902e-02  3.25076580e-02  7.57328421e-03 -2.60133669e-03
 -6.92330953e-03 -4.27264720e-03  2.04638392e-03 -9.49449651e-03
  2.72862148e-02 -1.89462826e-02 -1.44068087e-02  4.25386848e-03
  1.72929484e-02 -1.45065906e-02  8.52378551e-03 -2.57481989e-02
  2.37164996e-03 -1.71683189e-02 -7.73698045e-03 -2.04791017e-02
 -2.32847333e-02  1.53405163e-02 -7.51941372e-03 -1.30235739e-02
 -1.60625093e-02  7.03361165e-03 -1.60287339e-02 -1.83539034e-03
  2.72686314e-02 -2.92663765e-03 -9.36152507e-03 -2.34844442e-03
  3.09583172e-02  2.90301144e-02  2.07575150e-02  4.51105135e-03
  1.20085031e-02 -5.23313414e-03 -1.86824705e-02 -2.54442673e-02
 -1.24019319e-02  1.87406223e-02 -6.82589971e-03  6.21578423e-04
  6.53969264e-03 -3.41572165e-02 -8.46646074e-03 -8.88978830e-04
  2.05248576e-02  4.73177788e-04  3.77338409e-04  3.29705211e-03
  2.88080499e-02 -1.09776892e-02  4.18746006e-03 -3.21033150e-02
 -2.09444109e-03  1.53662665e-02  2.00348832e-02 -2.36690678e-02
 -2.56586373e-02  1.80574227e-02 -8.14813469e-03 -1.24826003e-02
 -2.13479232e-02 -2.83495169e-02  5.13703143e-03 -1.73221678e-02
 -8.34077224e-03  6.33116346e-03 -1.40805636e-02 -7.21483026e-04
 -1.42580196e-02  1.56672634e-02 -1.22178462e-03  1.51826756e-03
  5.14658587e-03  2.32520513e-03  6.35703607e-03 -1.38828708e-02
 -4.21235804e-03 -4.63660387e-03  6.66932203e-04 -2.06624949e-03
  4.96323733e-03 -4.15762365e-02 -1.61916576e-02  2.39372952e-03
  6.81058329e-04 -6.82344567e-03 -1.31740272e-02  2.37760576e-03
 -1.62564889e-02  1.95311699e-02  3.77863250e-03  3.45333368e-02
  1.73727255e-02  6.86050765e-03 -1.06656803e-02 -2.97233146e-02
  7.71202706e-03 -1.20205050e-02 -1.83852836e-02 -3.87542229e-03
  1.03377132e-02 -2.91359574e-02 -9.59456433e-03  1.42195560e-02
 -1.84198506e-02 -1.50986179e-03  1.76597405e-02 -7.20637990e-03
 -2.29925402e-02 -3.54405567e-02  1.50936386e-02  1.50179607e-03
 -1.45689147e-02  4.24767332e-03  2.13586967e-02  5.60801756e-03
  3.39387124e-03 -3.30240070e-03  1.13715762e-02 -3.96669209e-02
 -2.07487661e-02  1.59955248e-02 -6.56695990e-03  7.08018010e-03
 -1.15577327e-02  1.87301717e-03 -5.13557717e-03 -3.88901681e-03
 -1.99221838e-02  2.11972813e-03  1.13734696e-02  1.00254351e-02
 -2.29329546e-03 -1.30126737e-02 -2.13205647e-02 -3.95754445e-03
 -1.58464089e-02  2.31429916e-02  1.35198627e-02  1.57544315e-02
 -2.23737094e-04  4.93504449e-05  3.44467796e-02  1.13218501e-02
  2.58296654e-02 -1.04573295e-02  1.86709519e-02  2.05809530e-02
 -1.09671028e-02 -1.90066993e-02 -1.96313970e-02  2.04647128e-02
 -7.95494858e-03  8.71771667e-03 -2.87495796e-02 -5.21847978e-03
  2.06069928e-03 -9.69796255e-03 -1.40611446e-02 -4.57982458e-02
 -8.10346287e-03 -2.52593146e-03  9.27976891e-03 -3.22866589e-02
  2.02096701e-02 -2.43275333e-02  1.19651332e-02  4.12628334e-03
  3.05021461e-02 -1.55274281e-02  2.52751857e-02 -2.19128374e-03
  7.81802367e-03  9.52472910e-03  1.97792356e-03 -8.25084653e-03
  2.96138204e-03 -1.78091656e-02 -3.31290811e-02 -4.79405420e-03
 -1.73524935e-02 -5.44356257e-02 -7.53571885e-03 -4.06172127e-03
 -9.79198515e-03  5.07658115e-03 -1.39296670e-02 -2.27836035e-02
 -1.87465642e-02  3.90363717e-03 -1.62502937e-02  5.41406265e-03
 -1.00077642e-02  4.03813971e-03 -3.61548550e-03  2.84125842e-02
 -8.58423207e-03 -3.12771834e-03  7.63802882e-03 -4.22948822e-02
 -9.69918817e-03 -6.57098426e-04  3.37314862e-03  7.85206072e-03
  3.25238369e-02  2.35100631e-02  2.38826629e-02  7.93158077e-03
 -2.30657402e-02 -1.85287558e-02 -3.00275516e-02  6.58480637e-03
 -2.45398972e-02 -1.53433913e-02 -1.96554791e-02 -4.39908467e-02
  1.40354754e-02 -1.72865242e-02 -4.51239869e-02  1.73646971e-04
 -3.40010831e-03  8.47466942e-03 -5.74630266e-03 -1.23950094e-03
  1.88333932e-02 -1.22751454e-02 -1.90149266e-02  2.92724669e-02
 -1.79519057e-02  4.89755766e-03 -1.30616259e-02 -1.85096916e-02
 -1.58554278e-02  1.69462059e-02 -1.57962553e-02  1.78901781e-03
 -9.73027106e-03  7.87386112e-03 -5.82904648e-03 -1.54400580e-02
  1.06077697e-02 -2.71405671e-02  1.79079436e-02 -1.51526742e-02
 -4.77778492e-03  8.24045017e-03  2.40685418e-02  8.87662545e-03
  1.51014002e-03  1.41655272e-02 -9.01578367e-03  3.94365052e-04
 -1.31784957e-02 -9.34993569e-03 -2.35031638e-02 -1.81503932e-03
 -2.88193027e-04  6.63352665e-03 -4.36158888e-02 -1.53329130e-03
  2.33548954e-02  3.10206469e-02 -2.34872866e-02 -4.91445512e-03
 -6.43349439e-03 -1.11371148e-02 -4.06183302e-03  5.40502369e-03
  9.79811791e-03  1.81381349e-02  2.53071561e-02  1.46180373e-02
 -2.51538511e-02 -5.85550489e-03 -1.85233788e-04  2.49581188e-02
 -4.81755994e-02 -1.50940111e-02  1.60620492e-02  1.38516687e-02]
Name of the node - policy/main_graph_0/hidden_1/kernel
Value:
[[ 0.08126127 -0.01239949 -0.05925535 ... -0.07227562  0.0110802
   0.01909771]
 [-0.0098176  -0.01570488  0.05903312 ... -0.00276831 -0.08842743
  -0.05637367]
 [ 0.02381623 -0.06245752 -0.05866459 ...  0.02379765 -0.03756447
  -0.05064803]
 ...
 [ 0.06305221  0.02189562  0.06654239 ... -0.04066116  0.05968974
   0.00360092]
 [ 0.11501303  0.05242071 -0.0199775  ... -0.00388088 -0.02558396
  -0.02684874]
 [-0.05446673  0.00689007  0.04885923 ...  0.00921469 -0.04291578
   0.02437287]]
Name of the node - policy/main_graph_0/hidden_1/bias
Value:
[ 4.80698654e-03  7.58901378e-03  1.03378734e-02 -1.81027092e-02
  1.09135173e-02  1.71005223e-02 -9.67656728e-03  5.35077276e-03
 -3.18193133e-03  4.73277876e-03 -4.92299488e-03 -2.50032507e-02
 -6.62409840e-03  1.49303479e-02 -8.73003341e-03  1.04632173e-02
  6.94349082e-03  2.21945532e-03  4.55180835e-03  3.03393928e-04
  1.02218892e-02  3.84656101e-04  1.27005754e-02 -5.94193162e-03
  1.28104659e-02 -2.36224825e-03 -1.19652727e-03  3.39646358e-03
  8.64689704e-03  1.85644813e-02 -9.22691019e-04 -1.34450505e-02
  1.16660800e-02 -1.57790985e-02 -9.82806832e-03  1.14152227e-02
  6.82766968e-03 -2.92295916e-03  6.61209226e-03 -1.73706934e-02
  2.56535243e-02 -1.35768170e-03 -1.42880073e-02  9.56461648e-04
  2.14201994e-02  9.47549194e-03  9.80342180e-03 -7.52018299e-03
 -8.64414033e-03 -3.14805331e-03 -7.64719371e-05  8.41534883e-03
  2.26771389e-03  1.14650242e-02  1.77790336e-02 -3.91957629e-03
  1.70681886e-02  1.85434837e-02  8.72751419e-03 -2.95942137e-03
 -1.35557521e-02 -3.81725952e-02 -1.14785796e-02 -3.67552228e-02
 -1.37482760e-02  9.98964906e-03  1.05670746e-02  1.19443927e-02
  9.07963701e-03  2.06116382e-02  2.85471929e-03  1.60138048e-02
  5.56526566e-03  1.78272370e-02 -2.06896365e-02 -2.00908072e-02
  4.43653623e-03  1.13594288e-04  1.03639150e-02  1.57902739e-03
  7.22502079e-03  2.69276346e-03  2.84640654e-03 -3.47142341e-03
 -9.48704593e-03  1.61162931e-02  9.47851408e-03  8.94054119e-03
  1.88145041e-02 -2.24665981e-02  1.67296883e-02 -1.47714978e-02
 -3.88784474e-03 -3.52098560e-03 -3.88623332e-03  5.21063572e-03
  1.02263056e-02  2.07653176e-02  7.85512105e-03 -1.16122095e-02
  3.11277364e-03 -2.33927816e-02 -5.71055105e-04  2.86461669e-03
  1.31112081e-03  1.08972872e-02  6.45104656e-03  1.70808025e-02
  1.04924850e-02 -1.07349316e-02  1.86391007e-02  1.40042994e-02
  1.40112313e-02 -2.81967763e-02 -1.39515661e-02 -2.38077785e-03
  1.71835050e-02  2.56049423e-03 -2.37998809e-03  7.67071079e-03
  3.57997022e-03  7.58161396e-03  1.28044456e-03 -3.64107788e-02
 -2.89829914e-02  9.51814186e-03  1.26395058e-02 -6.83489069e-03
  1.00277727e-02 -2.29418147e-02 -1.57827102e-02  2.08168081e-03
  5.34675317e-03 -3.45557975e-03  1.84871294e-02  9.11323819e-03
 -1.18316943e-03 -5.46973664e-03  1.25013934e-02 -2.42540613e-02
  2.55876826e-03 -2.32415553e-03  1.34128444e-02  2.77119200e-03
  3.46162170e-02  1.33558996e-02  4.15126514e-03  1.64645445e-02
  1.06917564e-02  6.58060715e-04  1.19514847e-02 -5.14984736e-03
  1.62888914e-02  7.42645934e-03  7.66075449e-03  1.52673163e-02
  6.31412817e-03  9.15256981e-03 -8.44067149e-03  8.92129820e-03
 -3.01210536e-03 -7.61382794e-03  1.03617378e-03  6.06160983e-03
 -1.59313250e-02  8.78408551e-03 -1.05124246e-02  1.48499385e-02
 -3.07145119e-02  2.06481814e-02  4.25240863e-03  2.22320333e-02
 -1.82954501e-02  2.81399023e-03  1.11441128e-02  2.16850769e-02
  3.41427233e-03  2.16569509e-02 -1.32134836e-03  2.30200263e-03
  8.23063962e-03  9.76054091e-03 -1.53924222e-04  3.83313769e-03
  9.06669348e-03  1.52521692e-02 -1.67906918e-02  6.06516958e-04
  1.68810543e-02  1.95058957e-02 -9.16726049e-03 -1.59654766e-02
  1.29843205e-02 -1.31528650e-03 -4.28008288e-02  1.42055831e-03
  1.15933623e-02  1.93564948e-02  1.40058063e-02 -1.88298207e-02
  2.46012229e-02  1.34110134e-02 -2.24923599e-03  1.61031857e-02
 -2.88969418e-03 -2.53249425e-02 -6.23099646e-03  1.17130801e-02
 -7.16328563e-04  2.16127071e-03 -1.27763804e-02 -1.89923984e-03
  3.13436589e-03  1.16083995e-02 -8.42067134e-03 -2.92804427e-02
 -1.95119642e-02  5.42283244e-03 -3.22770476e-02  7.49387639e-03
  6.79640519e-03  2.58732364e-02 -1.98143092e-03  7.82843400e-03
 -3.44968727e-03  1.25529421e-02 -1.21607888e-03  8.10013339e-03
  8.57674330e-03 -1.43346773e-03 -3.98120470e-03 -1.91242285e-02
  3.28651862e-03  9.52634867e-03 -3.74597323e-04  1.83375701e-02
  7.83964153e-03 -2.10133940e-03  1.08373929e-02  2.88828593e-02
 -2.96672049e-04  8.60190557e-05  1.00522619e-02  2.72819819e-03
  7.29135145e-03  1.96003169e-02 -2.15888955e-03 -6.09618984e-03
 -1.96995866e-02 -3.30988574e-03  1.07642636e-02 -7.30971247e-03
  1.89052187e-02  6.47595199e-03  7.89593067e-03 -4.69770888e-03
  9.78667289e-03  5.60021447e-03 -1.93194244e-02  1.51492171e-02
 -2.66653462e-03  1.76266097e-02 -1.98531034e-03 -3.37187143e-04
  1.47127435e-02 -1.20211393e-02 -2.25994340e-03  7.02022947e-03
 -1.69350691e-02 -1.42719233e-02  3.41055705e-03 -3.59623879e-03
  2.23468468e-02  8.74398649e-03  1.09749930e-02  2.31673592e-03
 -6.79602090e-04 -7.04024825e-03  1.02804713e-02  8.07907525e-03
 -1.10486560e-02  1.38360297e-03  1.68187656e-02  1.73487123e-02
  1.31040365e-02  4.35159449e-03  5.23239281e-03 -1.83111727e-02
  2.40902673e-03  5.87434415e-03 -1.14654871e-02  1.11829815e-02
 -1.18477475e-02 -5.61681483e-03  1.11995246e-02 -9.75602213e-03
  3.71516263e-03  1.06739048e-02 -1.62626803e-02  8.89970828e-03
  1.08859120e-02 -1.09723508e-02 -8.31826776e-03  6.76280400e-03
 -1.68947666e-03  6.60694350e-05 -1.02996416e-02  8.24631378e-03
 -1.14634363e-02  8.04188754e-03  2.59598787e-03  2.48239050e-03
 -1.48155019e-02 -9.09449253e-03  9.98295005e-03 -5.18298056e-03
  3.57038371e-04 -1.23221404e-03  1.71319849e-03  7.59081682e-03
  1.87755078e-02  9.55381710e-03 -1.69380959e-02  8.21395218e-03
  1.54645406e-02 -2.05021631e-02 -3.63331623e-02 -1.39962165e-02
  1.73230525e-02  1.41751943e-02  2.29424201e-02 -9.44730826e-03
 -1.23341475e-02  1.04122516e-02  1.40420336e-04  1.06326891e-02
  1.90205947e-02  7.54600344e-03  3.38122394e-04  2.18895264e-03
  4.91795735e-03  1.81329902e-02  2.16254988e-03  6.58265036e-03
  1.01470733e-02 -3.06481286e-03 -3.79457022e-03 -8.51939991e-03
  6.13469863e-03 -9.07321740e-03  7.53979571e-03 -7.52551807e-03
 -1.32689590e-03  1.45948296e-02  1.27802826e-02  1.89838130e-02
  1.89642292e-02 -2.39231456e-02 -3.15588303e-02 -5.60026197e-03
 -5.26668876e-03  3.60631896e-03 -1.18906405e-02 -2.66645523e-03
  6.18844433e-03  1.16915321e-02 -1.04398504e-02  5.92626212e-03
 -6.98625017e-03 -8.86547193e-03 -8.20332021e-03 -5.77008585e-03
  3.13962717e-03 -1.22166229e-02 -7.12897256e-03 -1.26832118e-02
 -4.82958276e-03  1.32012088e-02  8.20174348e-03 -8.73241015e-03
 -4.17362666e-03  1.06205652e-02  8.12834036e-03  1.38704395e-02
  7.47182453e-03  1.38692036e-02  1.03129621e-03 -3.89268924e-03
 -5.42992260e-03 -1.35867288e-02  1.03994524e-02 -5.60335349e-03
  1.42824771e-02 -3.65695432e-02  4.37893905e-03  6.48891600e-03
 -2.20997911e-03 -6.85312180e-03  7.01194210e-03 -1.19161531e-02
 -1.23506105e-02  5.52207511e-03  9.22433380e-03 -3.48126739e-02
 -3.77293164e-03 -1.48801086e-03  1.23838363e-02  7.85157364e-03
  2.15057433e-02  9.27329063e-03 -2.01874841e-02 -3.68563682e-02
  1.06575461e-02 -1.74554326e-02 -3.65664600e-04 -4.15338203e-03
 -4.97593358e-03  5.40721230e-03  6.22144854e-03 -1.50746317e-03
  8.49305280e-03  1.45975724e-02 -8.71038623e-03  8.63524992e-03
 -2.00018845e-03 -1.85407102e-04  4.75897780e-03 -3.93435219e-03
  2.73110848e-02 -1.45209022e-02  1.52282389e-02  1.31265204e-02
  1.93132553e-02 -6.87807798e-03 -9.15377960e-03 -9.13449470e-03
 -2.24490723e-04  1.10074980e-02  5.10050636e-03  3.31774727e-03
  1.58268623e-02  1.25533566e-02  2.04331218e-03  2.30994746e-02
  1.14054896e-03  1.32999104e-02  1.06456541e-02  1.13192108e-02
 -3.62911448e-02  1.30236642e-02 -6.35548495e-03 -2.91603128e-03
 -4.26793797e-03  1.06154652e-02 -1.81604382e-02 -3.72036081e-03
  1.21253841e-02  1.32320551e-02  1.64209015e-03 -1.45019665e-02
 -1.52090099e-02 -1.16546769e-02 -8.16826150e-03  1.06086554e-02
 -2.52364296e-03  7.40322564e-03  1.17797144e-02  2.32241489e-03
  1.79573894e-02  8.62507895e-03  1.63142700e-02  5.50354738e-03
  1.04626929e-02 -3.11304862e-03  1.12306224e-02 -6.41096476e-03
  2.67565846e-02  2.40506586e-02  9.20304283e-03  9.76039097e-03
  3.12466407e-03 -2.27843225e-02 -4.27358318e-03  1.39582129e-02
  1.65149178e-02 -7.36157037e-03 -1.29036035e-03  1.03516853e-03
  7.92776514e-03  1.34749375e-02  8.60671140e-03 -3.52332890e-02
  9.09170322e-03 -1.16431033e-02 -8.34747031e-03  1.12492992e-02
  1.42480386e-02  5.91477100e-03  8.71813949e-03  2.08472256e-02
  5.38920797e-03 -4.35193675e-03  9.89143644e-03 -6.08629454e-03
 -6.64706633e-04  1.82100033e-04  9.77739459e-04  6.31509302e-03
 -1.25943888e-02 -1.15957716e-02 -1.55099714e-02  1.23279663e-02]
Name of the node - policy/main_graph_0/hidden_2/kernel
Value:
[[-0.00842641  0.0608229   0.03216208 ... -0.0614305  -0.01356292
  -0.02387432]
 [ 0.04793714  0.06391331  0.05358608 ...  0.08790076 -0.01412775
  -0.06080642]
 [-0.01864184 -0.06631348  0.02109799 ... -0.01850097 -0.02846853
   0.01642517]
 ...
 [-0.02489612 -0.03232471 -0.08950234 ... -0.02376182 -0.04721893
  -0.01749868]
 [ 0.03675585 -0.06528606  0.00556831 ...  0.01662335  0.07562494
  -0.07026277]
 [-0.01955025 -0.06191102  0.05968976 ...  0.02438651 -0.01646875
  -0.06119435]]
Name of the node - policy/main_graph_0/hidden_2/bias
Value:
[ 2.01492812e-02  7.10495003e-03  1.95757262e-02  1.05011240e-02
  1.21734673e-02  1.25042228e-02  6.21813769e-03  1.37883676e-02
  1.10648079e-02  1.34263635e-02 -2.99486308e-03  2.48475391e-02
  1.02171395e-02 -1.37527380e-02  9.17506637e-04  1.26039842e-03
  2.33258177e-02  1.64377093e-02 -1.24049718e-02  5.79661084e-03
 -7.24171195e-03  1.59342063e-03  3.71137564e-03  4.15406394e-04
  8.36459082e-03 -1.69455018e-02 -4.47001308e-03  9.61873448e-04
  1.10627105e-02  1.07363360e-02  3.23098223e-03  2.22583991e-02
  7.09928852e-03  2.11447813e-02  3.05257887e-02  1.30739026e-02
  7.47516192e-03  5.09490317e-04  1.77490190e-02 -5.39707951e-03
  1.28926337e-02  2.09625177e-02  1.75106563e-02 -4.02322708e-04
  1.18147312e-02  1.53901223e-02  1.13712121e-02  2.99633462e-02
  1.63596850e-02  1.66240763e-02 -1.23349912e-02  1.20226741e-02
  1.66935269e-02  1.72940921e-02 -1.38413943e-02 -3.14320857e-03
 -6.71787187e-04  1.84959616e-03  1.58467403e-04  1.02927303e-02
  7.50908442e-03 -1.82677351e-04  1.57167371e-02  1.79530066e-02
 -8.41235369e-03  2.37084506e-03  1.95702277e-02  2.20183134e-02
  1.07630203e-02  1.54691385e-02  2.54443269e-02  2.63515282e-02
  1.86003856e-02  2.12662797e-02  1.22943558e-02  5.40353649e-04
  2.32203640e-02  1.37739200e-02  1.11345183e-02  7.00459350e-03
  2.29652673e-02  1.85303192e-03  5.92613546e-03  3.36300163e-03
 -6.54211314e-03  1.01915747e-02  1.36177773e-02  1.44870523e-02
  2.04539560e-02  1.56927854e-02  2.27970956e-03  1.41877439e-02
 -4.89672925e-03  1.33632990e-02 -6.61409227e-03  6.64049061e-03
  8.87996145e-03  1.70851629e-02  1.21363970e-02  1.40096564e-02
  2.22063530e-02 -4.19372646e-03  4.12200997e-03 -1.49532035e-02
  1.40599729e-02  4.62673418e-03  6.90018479e-03  1.75416376e-02
 -7.08775224e-06  7.98509829e-03  8.13300442e-03 -4.47530998e-03
  4.69352584e-03  7.64713157e-03  1.57678258e-02 -6.11846847e-03
  1.34673640e-02  1.02770710e-02  1.27494400e-02  1.00050699e-02
  6.17043814e-03  1.28279114e-02 -1.83123816e-03  1.38213104e-02
  2.07436457e-02  1.23724677e-02  1.91066340e-02  1.80132817e-02
  6.02994813e-03  1.82351861e-02  7.41392840e-03  1.44700846e-02
  1.23422444e-02 -4.97960765e-03  2.06997953e-02  6.02971762e-03
  6.18864669e-06 -7.61995558e-03  3.07777748e-02  1.78129487e-02
 -5.30542806e-03  2.88556535e-02  5.26048534e-04  1.27371978e-02
  3.97083955e-03  2.19775978e-02 -2.55466979e-02  1.50808664e-02
  3.94451246e-03  2.90230312e-03  1.22507778e-03  1.84411909e-02
  7.11841218e-04  2.48642191e-02  8.32342170e-03  1.80053227e-02
  1.79879554e-03  1.71520244e-02  1.00588724e-02  1.36651909e-02
  8.89953878e-03  3.99255194e-03  4.23149532e-03 -1.83346728e-03
  2.26117894e-02  1.52990380e-02 -1.02145085e-02  1.60917267e-02
  2.04984304e-02  2.13035084e-02  3.05662956e-02 -8.60078353e-03
  1.20745776e-02  3.82633344e-03 -7.65116885e-03 -1.23215525e-03
  1.21309906e-02  1.11720078e-02  2.27253139e-02  8.62784497e-03
  1.54197756e-02  2.98050083e-02  1.22328764e-02  1.89702194e-02
  2.68063750e-02  1.47743970e-02  2.12150365e-02 -3.91967408e-03
  1.35371899e-02  9.69576649e-03 -2.08416837e-03  1.06132226e-02
  4.98040998e-03  1.80793498e-02 -1.37805408e-02  9.78033803e-03
  4.62677516e-03  1.75301954e-02  2.13015522e-03  7.32800970e-03
  3.03103850e-04  1.14669185e-02  1.97219346e-02  5.69068454e-03
  1.36600230e-02  2.65171919e-02  1.42056989e-02  7.00230990e-03
  1.07009243e-03 -5.71781490e-03  1.25231780e-02  1.41819259e-02
  2.73735076e-02 -9.95010044e-03 -2.44096993e-03  2.63348110e-02
  1.41798295e-02  7.78288115e-03  1.86480600e-02  1.26917493e-02
  5.44754881e-03  2.79004443e-02  1.18984245e-02 -1.74865704e-02
  1.19012678e-02  1.60688944e-02  6.62179105e-03  2.52083270e-03
  6.73608296e-03  1.57599263e-02  2.84204856e-02  1.68944267e-03
 -2.35351012e-03  1.67831164e-02  1.35760689e-02  9.08381306e-03
  4.25483473e-03  1.93481930e-02 -1.53214494e-02  3.59703321e-04
  6.07710425e-03  1.34089850e-02 -1.07910705e-03  1.24489283e-02
  6.82233553e-03 -5.52581856e-03 -2.22165231e-03  9.75773204e-03
  8.11820757e-03  1.11293579e-02  1.89815778e-02  1.31118519e-03
  1.26779443e-02  9.95508954e-03 -1.25431446e-02  6.21854374e-03
  7.95442797e-03  1.58589531e-03  1.21546313e-02  8.65900051e-03
  4.82045626e-03 -1.29100494e-02  1.89367644e-02 -2.61692726e-03
 -6.59634499e-03  8.92883260e-03  1.82426944e-02 -6.89184992e-03
  1.75077224e-03 -1.46177933e-02  6.77047577e-03  1.10365553e-02
  1.29156082e-03  1.87379010e-02  1.39164105e-02 -8.17095768e-03
  1.47952978e-02 -2.62184907e-03  1.74046960e-02  9.17849503e-03
  3.13028358e-02 -2.85709207e-03  2.11622082e-02  7.79529614e-03
 -8.67605209e-03  7.26329396e-04  1.29970415e-02  1.72223300e-02
 -3.66616133e-03 -6.81212265e-03  5.10296691e-03  1.57731716e-02
  1.35577712e-02  2.02517379e-02  6.82373950e-03 -1.43442694e-02
  9.44632757e-03  6.68639503e-03  9.38333757e-03  8.19090381e-03
  7.46658957e-03  4.92655253e-03 -5.15328662e-04  2.66776187e-04
 -1.89930736e-03  6.53330982e-03  8.59842822e-03  1.52207790e-02
  1.81981847e-02  1.76826119e-03 -9.71118640e-03  1.48902722e-02
  1.05082523e-02  1.39342472e-02  1.43652910e-03  7.74997845e-03
  1.97120141e-02  2.29690559e-02  9.15302802e-03  2.08664741e-02
  1.56624280e-02  1.82829145e-02  1.90871733e-03  6.41365349e-03
  1.92347448e-02  1.22110220e-02  1.56126521e-03  1.11297397e-02
  1.41948890e-02  8.20778217e-03  2.32012272e-02  1.72742456e-02
  7.07475143e-03  3.50810140e-02 -1.19137950e-02  2.55069043e-02
  1.08631393e-02 -2.92658992e-03  1.97953917e-02  4.64711618e-03
 -9.83729865e-03  9.90630873e-03  1.14450529e-02  1.69036575e-02
  4.63813730e-03 -1.47825172e-02 -1.36539433e-03  8.88661109e-03
  1.72456522e-02  1.24370484e-02  2.06792504e-02  4.03282559e-03
  1.13266017e-02  5.86886797e-03  8.63921642e-03  2.39167064e-02
  1.78780388e-02  1.76330246e-02  1.24516878e-02  9.81929433e-03
  1.17823575e-02 -2.27563959e-02  2.31795455e-03 -8.08912155e-04
  1.83842573e-02  1.52422423e-02  1.14135649e-02  7.98972230e-03
  2.71943770e-02  2.35026460e-02  3.12427129e-03  5.18359197e-03
  1.72651876e-02 -1.27037484e-02  6.92233210e-03  1.78815443e-02
  2.75034993e-03  1.51504492e-02  1.25095667e-03  1.52273858e-02
  8.55145976e-03 -1.95596945e-02  3.65522783e-03  2.15070210e-02
  1.93216410e-02 -3.13452305e-03  2.83500683e-02  2.89687095e-03
  2.12747026e-02  2.17679981e-02  1.61836725e-02  2.47223116e-02
  1.23933144e-03  2.23600827e-02  2.43113879e-02  1.82107128e-02
  5.81721915e-03  1.54138962e-02  1.29448334e-02 -2.12149392e-03
  1.02625396e-02 -3.53119969e-02  1.24480296e-02 -2.44642701e-03
  1.12622418e-02  1.18839070e-02  1.90844983e-02  8.50450713e-03
  2.17782073e-02  4.32418846e-03  1.32498899e-02  1.08551504e-02
  1.76505670e-02  1.46834143e-02  5.45824459e-03  1.29452245e-02
 -2.00399826e-03  1.61183681e-02  1.59172751e-02 -1.17988954e-03
  1.19599607e-02  2.17033941e-02  9.61009180e-04  1.74579453e-02
  2.27896105e-02  6.38718810e-03  1.26199406e-02 -9.03672259e-03
 -6.81364560e-04  9.98964533e-03  6.90445583e-03  9.88844596e-03
 -1.24699427e-02  1.20554613e-02 -2.45955680e-03  1.20561346e-02
 -1.20893000e-02  1.32499328e-02  9.49792378e-03  1.53004723e-02
  4.93258412e-04  2.00532991e-02  8.71637743e-03  2.58474909e-02
 -1.09214941e-02  2.32456140e-02  1.11270370e-02 -7.97265209e-03
  7.78096681e-03  1.52690969e-02  1.10415537e-02 -9.82915983e-03
  2.39494201e-02  1.47029739e-02  3.42886150e-02  2.08857339e-02
  1.20824920e-02  9.78815556e-03  1.11217471e-02  1.46689005e-02
 -2.03565625e-03  2.94098444e-02  2.23978069e-02  2.17085332e-03
  4.37035644e-03  2.16590390e-02  1.86471399e-02  1.91896260e-02
  1.08852517e-02 -2.35141795e-02  4.09084372e-03 -5.01570245e-03
 -5.62428171e-03 -1.15383426e-02  1.52830966e-02  1.69581622e-02
  2.10057627e-02  8.40159017e-04  5.67253493e-03  3.11298463e-02
  6.01344276e-03  1.76815968e-02  5.00749936e-03  1.71729885e-02
  2.36606188e-02  1.03753190e-02  1.56281563e-03  1.40470667e-02
  1.12658311e-02  1.31456284e-02  1.51922191e-02  1.21242432e-02
  1.50572481e-02 -1.94826967e-03  9.00205132e-03 -8.34327564e-03
  5.30226203e-03  1.27272671e-02  1.18497191e-02  2.51480024e-02
  1.05183991e-02  1.83785637e-03  6.47274218e-03 -6.89324457e-03
  9.27896239e-03 -2.98215635e-03  1.35227302e-02 -4.10523172e-03
  1.71816330e-02 -4.37675882e-03  3.36520677e-03  1.71979442e-02]
Name of the node - policy/dense/kernel
Value:
[[ 0.0080231  -0.02612852  0.01546976]
 [ 0.00768366 -0.02323052  0.00899565]
 [ 0.01628495 -0.00533405 -0.02486474]
 ...
 [-0.01240194  0.01891374 -0.00021795]
 [ 0.01197863 -0.01124714 -0.00776848]
 [ 0.0116834   0.00942481 -0.03440174]]
Name of the node - policy/dense_1/kernel
Value:
[[-0.00686971  0.03412727 -0.03130874]
 [-0.01507969  0.03066794 -0.03448662]
 [-0.01684614 -0.02724602  0.04011964]
 ...
 [ 0.00175334 -0.01666033  0.01878242]
 [-0.00504116  0.01167644 -0.01489497]
 [-0.02139497 -0.0211911   0.025239  ]]
Name of the node - policy_1/strided_slice/stack
Value:
[0 0]
Name of the node - policy_1/strided_slice/stack_1
Value:
[0 3]
Name of the node - policy_1/strided_slice/stack_2
Value:
[1 1]
Name of the node - policy_1/strided_slice_1/stack
Value:
[0 3]
Name of the node - policy_1/strided_slice_1/stack_1
Value:
[0 6]
Name of the node - policy_1/strided_slice_1/stack_2
Value:
[1 1]
Name of the node - policy_1/add/y
Value:
1e-07
Name of the node - policy_1/add_1/y
Value:
1e-07
Name of the node - policy_1/Sum/reduction_indices
Value:
1
Name of the node - policy_1/Sum_1/reduction_indices
Value:
1
Name of the node - policy_1/add_4/y
Value:
1e-07
Name of the node - policy_1/add_5/y
Value:
1e-07
Name of the node - policy_1/concat_2/axis
Value:
1